50,49,1
49,2,2
48,2,1
47,2,1
46,2,1
45,2,1
44,2,1
43,2,1
42,2,1
41,2,1
40,2,1
39,2,1
38,2,1
37,2,1
36,2,1
35,2,1
34,2,1
33,2,1
32,2,1
31,2,1
30,2,1
29,2,1
28,2,1
27,2,1
26,2,1
25,2,1
24,2,1
23,2,1
22,2,1
21,2,1
20,2,1
19,2,1
18,2,1
17,2,1
16,2,1
15,2,1
14,2,1
13,2,1
12,2,1
11,2,1
10,2,1
9,2,1
8,2,1
7,2,1
6,2,1
5,2,1
4,2,1
3,2,1
2,2,3
3,48,1
4,48,1
5,48,1
6,48,1
7,48,1
8,48,1
9,48,1
10,48,1
11,48,1
12,48,1
13,48,1
14,48,1
15,48,1
16,48,1
17,48,1
18,48,1
19,48,1
20,48,1
21,48,1
22,48,1
23,48,1
24,48,1
25,48,1
26,48,1
27,48,1
28,48,1
29,48,1
30,48,1
31,48,1
32,48,1
33,48,1
34,48,1
35,48,1
36,48,1
37,48,1
38,48,1
39,48,1
40,48,1
41,48,1
42,48,1
43,48,1
44,48,1
45,48,1
46,48,1
47,48,1
48,48,1
48,3,2
47,3,1
46,3,1
45,3,1
44,3,1
43,3,1
42,3,1
41,3,1
40,3,1
39,3,1
38,3,1
37,3,1
36,3,1
35,3,1
34,3,1
33,3,1
32,3,1
31,3,1
30,3,1
29,3,1
28,3,1
27,3,1
26,3,1
25,3,1
24,3,1
23,3,1
22,3,1
21,3,1
20,3,1
19,3,1
18,3,1
17,3,1
16,3,1
15,3,1
14,3,1
13,3,1
12,3,1
11,3,1
10,3,1
9,3,1
8,3,1
7,3,1
6,3,1
5,3,1
4,3,1
3,3,3
4,47,1
5,47,1
6,47,1
7,47,1
8,47,1
9,47,1
10,47,1
11,47,1
12,47,1
13,47,1
14,47,1
15,47,1
16,47,1
17,47,1
18,47,1
19,47,1
20,47,1
21,47,1
22,47,1
23,47,1
24,47,1
25,47,1
26,47,1
27,47,1
28,47,1
29,47,1
30,47,1
31,47,1
32,47,1
33,47,1
34,47,1
35,47,1
36,47,1
37,47,1
38,47,1
39,47,1
40,47,1
41,47,1
42,47,1
43,47,1
44,47,1
45,47,1
46,47,1
47,47,1
47,4,2
46,4,1
45,4,1
44,4,1
43,4,1
42,4,1
41,4,1
40,4,1
39,4,1
38,4,1
37,4,1
36,4,1
35,4,1
34,4,1
33,4,1
32,4,1
31,4,1
30,4,1
29,4,1
28,4,1
27,4,1
26,4,1
25,4,1
24,4,1
23,4,1
22,4,1
21,4,1
20,4,1
19,4,1
18,4,1
17,4,1
16,4,1
15,4,1
14,4,1
13,4,1
12,4,1
11,4,1
10,4,1
9,4,1
8,4,1
7,4,1
6,4,1
5,4,1
4,4,3
5,46,1
6,46,1
7,46,1
8,46,1
9,46,1
10,46,1
11,46,1
12,46,1
13,46,1
14,46,1
15,46,1
16,46,1
17,46,1
18,46,1
19,46,1
20,46,1
21,46,1
22,46,1
23,46,1
24,46,1
25,46,1
26,46,1
27,46,1
28,46,1
29,46,1
30,46,1
31,46,1
32,46,1
33,46,1
34,46,1
35,46,1
36,46,1
37,46,1
38,46,1
39,46,1
40,46,1
41,46,1
42,46,1
43,46,1
44,46,1
45,46,1
46,46,1
46,5,2
45,5,1
44,5,1
43,5,1
42,5,1
41,5,1
40,5,1
39,5,1
38,5,1
37,5,1
36,5,1
35,5,1
34,5,1
33,5,1
32,5,1
31,5,1
30,5,1
29,5,1
28,5,1
27,5,1
26,5,1
25,5,1
24,5,1
23,5,1
22,5,1
21,5,1
20,5,1
19,5,1
18,5,1
17,5,1
16,5,1
15,5,1
14,5,1
13,5,1
12,5,1
11,5,1
10,5,1
9,5,1
8,5,1
7,5,1
6,5,1
5,5,3
6,45,1
7,45,1
8,45,1
9,45,1
10,45,1
11,45,1
12,45,1
13,45,1
14,45,1
15,45,1
16,45,1
17,45,1
18,45,1
19,45,1
20,45,1
21,45,1
22,45,1
23,45,1
24,45,1
25,45,1
26,45,1
27,45,1
28,45,1
29,45,1
30,45,1
31,45,1
32,45,1
33,45,1
34,45,1
35,45,1
36,45,1
37,45,1
38,45,1
39,45,1
40,45,1
41,45,1
42,45,1
43,45,1
44,45,1
45,45,1
45,6,2
44,6,1
43,6,1
42,6,1
41,6,1
40,6,1
39,6,1
38,6,1
37,6,1
36,6,1
35,6,1
34,6,1
33,6,1
32,6,1
31,6,1
30,6,1
29,6,1
28,6,1
27,6,1
26,6,1
25,6,1
24,6,1
23,6,1
22,6,1
21,6,1
20,6,1
19,6,1
18,6,1
17,6,1
16,6,1
15,6,1
14,6,1
13,6,1
12,6,1
11,6,1
10,6,1
9,6,1
8,6,1
7,6,1
6,6,3
7,44,1
8,44,1
9,44,1
10,44,1
11,44,1
12,44,1
13,44,1
14,44,1
15,44,1
16,44,1
17,44,1
18,44,1
19,44,1
20,44,1
21,44,1
22,44,1
23,44,1
24,44,1
25,44,1
26,44,1
27,44,1
28,44,1
29,44,1
30,44,1
31,44,1
32,44,1
33,44,1
34,44,1
35,44,1
36,44,1
37,44,1
38,44,1
39,44,1
40,44,1
41,44,1
42,44,1
43,44,1
44,44,1
44,7,2
43,7,1
42,7,1
41,7,1
40,7,1
39,7,1
38,7,1
37,7,1
36,7,1
35,7,1
34,7,1
33,7,1
32,7,1
31,7,1
30,7,1
29,7,1
28,7,1
27,7,1
26,7,1
25,7,1
24,7,1
23,7,1
22,7,1
21,7,1
20,7,1
19,7,1
18,7,1
17,7,1
16,7,1
15,7,1
14,7,1
13,7,1
12,7,1
11,7,1
10,7,1
9,7,1
8,7,1
7,7,3
8,43,1
9,43,1
10,43,1
11,43,1
12,43,1
13,43,1
14,43,1
15,43,1
16,43,1
17,43,1
18,43,1
19,43,1
20,43,1
21,43,1
22,43,1
23,43,1
24,43,1
25,43,1
26,43,1
27,43,1
28,43,1
29,43,1
30,43,1
31,43,1
32,43,1
33,43,1
34,43,1
35,43,1
36,43,1
37,43,1
38,43,1
39,43,1
40,43,1
41,43,1
42,43,1
43,43,1
43,8,2
42,8,1
41,8,1
40,8,1
39,8,1
38,8,1
37,8,1
36,8,1
35,8,1
34,8,1
33,8,1
32,8,1
31,8,1
30,8,1
29,8,1
28,8,1
27,8,1
26,8,1
25,8,1
24,8,1
23,8,1
22,8,1
21,8,1
20,8,1
19,8,1
18,8,1
17,8,1
16,8,1
15,8,1
14,8,1
13,8,1
12,8,1
11,8,1
10,8,1
9,8,1
8,8,3
9,42,1
10,42,1
11,42,1
12,42,1
13,42,1
14,42,1
15,42,1
16,42,1
17,42,1
18,42,1
19,42,1
20,42,1
21,42,1
22,42,1
23,42,1
24,42,1
25,42,1
26,42,1
27,42,1
28,42,1
29,42,1
30,42,1
31,42,1
32,42,1
33,42,1
34,42,1
35,42,1
36,42,1
37,42,1
38,42,1
39,42,1
40,42,1
41,42,1
42,42,1
42,9,2
41,9,1
40,9,1
39,9,1
38,9,1
37,9,1
36,9,1
35,9,1
34,9,1
33,9,1
32,9,1
31,9,1
30,9,1
29,9,1
28,9,1
27,9,1
26,9,1
25,9,1
24,9,1
23,9,1
22,9,1
21,9,1
20,9,1
19,9,1
18,9,1
17,9,1
16,9,1
15,9,1
14,9,1
13,9,1
12,9,1
11,9,1
10,9,1
9,9,3
10,41,1
11,41,1
12,41,1
13,41,1
14,41,1
15,41,1
16,41,1
17,41,1
18,41,1
19,41,1
20,41,1
21,41,1
22,41,1
23,41,1
24,41,1
25,41,1
26,41,1
27,41,1
28,41,1
29,41,1
30,41,1
31,41,1
32,41,1
33,41,1
34,41,1
35,41,1
36,41,1
37,41,1
38,41,1
39,41,1
40,41,1
41,41,1
41,10,2
40,10,1
39,10,1
38,10,1
37,10,1
36,10,1
35,10,1
34,10,1
33,10,1
32,10,1
31,10,1
30,10,1
29,10,1
28,10,1
27,10,1
26,10,1
25,10,1
24,10,1
23,10,1
22,10,1
21,10,1
20,10,1
19,10,1
18,10,1
17,10,1
16,10,1
15,10,1
14,10,1
13,10,1
12,10,1
11,10,1
10,10,3
11,40,1
12,40,1
13,40,1
14,40,1
15,40,1
16,40,1
17,40,1
18,40,1
19,40,1
20,40,1
21,40,1
22,40,1
23,40,1
24,40,1
25,40,1
26,40,1
27,40,1
28,40,1
29,40,1
30,40,1
31,40,1
32,40,1
33,40,1
34,40,1
35,40,1
36,40,1
37,40,1
38,40,1
39,40,1
40,40,1
40,11,2
39,11,1
38,11,1
37,11,1
36,11,1
35,11,1
34,11,1
33,11,1
32,11,1
31,11,1
30,11,1
29,11,1
28,11,1
27,11,1
26,11,1
25,11,1
24,11,1
23,11,1
22,11,1
21,11,1
20,11,1
19,11,1
18,11,1
17,11,1
16,11,1
15,11,1
14,11,1
13,11,1
12,11,1
11,11,3
12,39,1
13,39,1
14,39,1
15,39,1
16,39,1
17,39,1
18,39,1
19,39,1
20,39,1
21,39,1
22,39,1
23,39,1
24,39,1
25,39,1
26,39,1
27,39,1
28,39,1
29,39,1
30,39,1
31,39,1
32,39,1
33,39,1
34,39,1
35,39,1
36,39,1
37,39,1
38,39,1
39,39,1
39,12,2
38,12,1
37,12,1
36,12,1
35,12,1
34,12,1
33,12,1
32,12,1
31,12,1
30,12,1
29,12,1
28,12,1
27,12,1
26,12,1
25,12,1
24,12,1
23,12,1
22,12,1
21,12,1
20,12,1
19,12,1
18,12,1
17,12,1
16,12,1
15,12,1
14,12,1
13,12,1
12,12,3
13,38,1
14,38,1
15,38,1
16,38,1
17,38,1
18,38,1
19,38,1
20,38,1
21,38,1
22,38,1
23,38,1
24,38,1
25,38,1
26,38,1
27,38,1
28,38,1
29,38,1
30,38,1
31,38,1
32,38,1
33,38,1
34,38,1
35,38,1
36,38,1
37,38,1
38,38,1
38,13,2
37,13,1
36,13,1
35,13,1
34,13,1
33,13,1
32,13,1
31,13,1
30,13,1
29,13,1
28,13,1
27,13,1
26,13,1
25,13,1
24,13,1
23,13,1
22,13,1
21,13,1
20,13,1
19,13,1
18,13,1
17,13,1
16,13,1
15,13,1
14,13,1
13,13,3
14,37,1
15,37,1
16,37,1
17,37,1
18,37,1
19,37,1
20,37,1
21,37,1
22,37,1
23,37,1
24,37,1
25,37,1
26,37,1
27,37,1
28,37,1
29,37,1
30,37,1
31,37,1
32,37,1
33,37,1
34,37,1
35,37,1
36,37,1
37,37,1
37,14,2
36,14,1
35,14,1
34,14,1
33,14,1
32,14,1
31,14,1
30,14,1
29,14,1
28,14,1
27,14,1
26,14,1
25,14,1
24,14,1
23,14,1
22,14,1
21,14,1
20,14,1
19,14,1
18,14,1
17,14,1
16,14,1
15,14,1
14,14,3
15,36,1
16,36,1
17,36,1
18,36,1
19,36,1
20,36,1
21,36,1
22,36,1
23,36,1
24,36,1
25,36,1
26,36,1
27,36,1
28,36,1
29,36,1
30,36,1
31,36,1
32,36,1
33,36,1
34,36,1
35,36,1
36,36,1
36,15,2
35,15,1
34,15,1
33,15,1
32,15,1
31,15,1
30,15,1
29,15,1
28,15,1
27,15,1
26,15,1
25,15,1
24,15,1
23,15,1
22,15,1
21,15,1
20,15,1
19,15,1
18,15,1
17,15,1
16,15,1
15,15,3
16,35,1
17,35,1
18,35,1
19,35,1
20,35,1
21,35,1
22,35,1
23,35,1
24,35,1
25,35,1
26,35,1
27,35,1
28,35,1
29,35,1
30,35,1
31,35,1
32,35,1
33,35,1
34,35,1
35,35,1
35,16,2
34,16,1
33,16,1
32,16,1
31,16,1
30,16,1
29,16,1
28,16,1
27,16,1
26,16,1
25,16,1
24,16,1
23,16,1
22,16,1
21,16,1
20,16,1
19,16,1
18,16,1
17,16,1
16,16,3
17,34,1
18,34,1
19,34,1
20,34,1
21,34,1
22,34,1
23,34,1
24,34,1
25,34,1
26,34,1
27,34,1
28,34,1
29,34,1
30,34,1
31,34,1
32,34,1
33,34,1
34,34,1
34,17,2
33,17,1
32,17,1
31,17,1
30,17,1
29,17,1
28,17,1
27,17,1
26,17,1
25,17,1
24,17,1
23,17,1
22,17,1
21,17,1
20,17,1
19,17,1
18,17,1
17,17,3
18,33,1
19,33,1
20,33,1
21,33,1
22,33,1
23,33,1
24,33,1
25,33,1
26,33,1
27,33,1
28,33,1
29,33,1
30,33,1
31,33,1
32,33,1
33,33,1
33,18,2
32,18,1
31,18,1
30,18,1
29,18,1
28,18,1
27,18,1
26,18,1
25,18,1
24,18,1
23,18,1
22,18,1
21,18,1
20,18,1
19,18,1
18,18,3
19,32,1
20,32,1
21,32,1
22,32,1
23,32,1
24,32,1
25,32,1
26,32,1
27,32,1
28,32,1
29,32,1
30,32,1
31,32,1
32,32,1
32,19,2
31,19,1
30,19,1
29,19,1
28,19,1
27,19,1
26,19,1
25,19,1
24,19,1
23,19,1
22,19,1
21,19,1
20,19,1
19,19,3
20,31,1
21,31,1
22,31,1
23,31,1
24,31,1
25,31,1
26,31,1
27,31,1
28,31,1
29,31,1
30,31,1
31,31,1
31,20,2
30,20,1
29,20,1
28,20,1
27,20,1
26,20,1
25,20,1
24,20,1
23,20,1
22,20,1
21,20,1
20,20,3
21,30,1
22,30,1
23,30,1
24,30,1
25,30,1
26,30,1
27,30,1
28,30,1
29,30,1
30,30,1
30,21,2
29,21,1
28,21,1
27,21,1
26,21,1
25,21,1
24,21,1
23,21,1
22,21,1
21,21,3
22,29,1
23,29,1
24,29,1
25,29,1
26,29,1
27,29,1
28,29,1
29,29,1
29,22,2
28,22,1
27,22,1
26,22,1
25,22,1
24,22,1
23,22,1
22,22,3
23,28,1
24,28,1
25,28,1
26,28,1
27,28,1
28,28,1
28,23,2
27,23,1
26,23,1
25,23,1
24,23,1
23,23,3
24,27,1
25,27,1
26,27,1
27,27,1
27,24,2
26,24,1
25,24,1
24,24,3
25,26,1
26,26,1
26,25,2
done